[LEFT_CAM_2K]
cx = 1089.31
cy = 646.596
fx = 1401.63
fy = 1401.63
k1 = -0.171571
k2 = 0.0244914


[LEFT_CAM_FHD]
cx = 945.315
cy = 565.596
fx = 1401.63
fy = 1401.63
k1 = -0.171571
k2 = 0.0244914


[LEFT_CAM_HD]
cx = 631.157
cy = 371.298
fx = 700.816
fy = 700.816
k1 = -0.171571
k2 = 0.0244914


[LEFT_CAM_VGA]
cx = 330.578
cy = 192.649
fx = 350.408
fy = 350.408
k1 = -0.171571
k2 = 0.0244914


[RIGHT_CAM_2K]
cx = 1044.54
cy = 668.772
fx = 1398.9
fy = 1398.9
k1 = -0.169041
k2 = 0.0209252


[RIGHT_CAM_FHD]
cx = 900.543
cy = 587.772
fx = 1398.9
fy = 1398.9
k1 = -0.169041
k2 = 0.0209252


[RIGHT_CAM_HD]
cx = 608.771
cy = 382.386
fx = 699.452
fy = 699.452
k1 = -0.169041
k2 = 0.0209252


[RIGHT_CAM_VGA]
cx = 319.385
cy = 198.193
fx = 349.725
fy = 349.725
k1 = -0.169041
k2 = 0.0209252


[STEREO]
Baseline = 120
CV_2K = 0.0170283
CV_FHD = 0.0170283
CV_HD = 0.0170283
CV_VGA = 0.0170283
RX_2K = -0.00110849
RX_FHD = -0.00110849
RX_HD = -0.00110849
RX_VGA = -0.00110849
RZ_2K = -0.000499454
RZ_FHD = -0.000499454
RZ_HD = -0.000499454
RZ_VGA = -0.000499454
